Gaussian parameters: 
Center, Amplitude, Standard_Deviation
180.79436465425437, 0.0011764070875941674, 0.352452221905047
214.23844696191364, 0.00038837869112558606, 0.8456434883870737
237.64930688460277, 0.0005795432402816936, 0.501401060656041
329.0630907510299, 0.0007037657673446884, 0.8311581831211676
389.2624733560966, 0.0003184680329825373, 0.7676729804912583
475.10227837868877, 0.000237359128208995, 0.027456362208093443
515.2351773743088, 0.0019709662090739047, 0.8179469406887361
543.1052432433431, 0.0002707347007935601, 0.05611020223890473
670.1927540615509, 0.0019367688555077774, 0.3748061313911598
772.7546000001096, 0.00045922211416872473, 0.08659356934419049
883.1200675676165, 0.0005489744046129835, 0.14139495724345763
1013.5518863162171, 0.0031470769827300583, 0.9667553378948429
1023.5851986376043, 0.001295529666260489, 0.5553052418480671
1074.8661322840373, 0.00044073521282883457, 0.4849887470794914
1195.264824324191, 0.0026228207073005017, 0.10119143587274926
