Gaussian parameters: 
Center, Amplitude, Standard_Deviation
1541.078543223688, 0.6457833058436615, 16.277308666051955
1567.9414389987396, 0.3510766354554226, 8.284756278361762
1611.4764208970955, 0.01968373816389932, 1.073207550093052
1646.177762346336, 0.25788780737504424, 7.063083416412004
1669.7320457938665, 0.28580839096662775, 7.54494909595247
1684.9305319838866, 0.1617793537061653, 4.571323184268056
1735.0463675724975, 0.014419381876334462, 0.4124978141893253
1759.484763023897, 0.0061314667479077595, 0.45185353092693786
1781.8594407353733, 0.013112691440641219, 0.501843588490588
