1500 0.31558696513801 0.0792996309703684
1502.02666055325 0.349984665746943 0.0639403840888428
1504.05415526164 0.384091204315688 0.0360252752808042
1506.08076815365 0.417906580844246 0.0222449630196525
1508.09424561866 0.451430795332615 0.0589502109036928
1510.12093279703 0.484663847780797 0.0541555091377237
1512.14748660455 0.517605738188792 0.0475902509834391
1514.17190095151 0.559997893041644 0.0581803303210696
1516.1951668906 0.59724359925466 0.070019578320948
1518.2231674108 0.628784298982539 0.042079757275889
1520.24859889915 0.656049498993039 0.047274865737289
1522.27674190775 0.681381013958683 0.0711833429889414
1524.30343069245 0.706792326215868 0.0521929828591202
1526.32728749872 0.733153638751058 0.0282483148834559
1528.35628593636 0.760103658055628 0.0288302441599383
1530.38510376399 0.786595950592839 0.0262928397529188
1532.41382152984 0.811618769811971 0.0194875663280412
1534.44070738474 0.83458588575784 0.0101458420342323
1536.46658189112 0.855182042490848 0.0496264095621453
1538.49556930854 0.872875745987989 0.0628091764412869
1540.52283175079 0.886566308059667 0.0573512110659486
1542.54769915385 0.894747699106992 0.0213277554063387
1544.57529463635 0.896195962771193 0.0491146557469797
1546.59902631601 0.890788729586272 0.0405426867777117
1548.62269157633 0.87994259869281 0.0426287756551698
1550.65053241919 0.866364262429966 0.0511012312499334
1552.67831692026 0.853206078096136 0.0707398239130656
1554.70581379469 0.843033990398682 0.0573385182273979
1556.73264986294 0.837055883677346 0.0342985459197722
1558.76060942369 0.834850966879305 0.0670417694437727
1560.78569239909 0.834570417128795 0.0487474312147346
1562.80638638985 0.833391764813898 0.0705135241604358
1564.82541318061 0.828044341714154 0.0655248769020024
1566.84424559366 0.815322509473935 0.0438203362763617
1568.86878300738 0.79262545719275 0.0484959974979894
1570.89322625342 0.758501939103133 0.0661252529377383
1572.91506262968 0.713112745964301 0.059990620520691
1574.93099042365 0.658482757084877 0.0308820435918173
1576.9589179602 0.598382772328218 0.0575025241301741
1578.9701081297 0.5378236557328 0.0514073274277189
1580.97892301267 0.482253790810568 0.053363178431298
1583.01024531934 0.436628269235432 0.0180219380528024
1585.03692863133 0.404548810298938 0.025808393090843
1587.06531779853 0.387653983786091 0.0396482504890937
1589.09368468528 0.385412663136484 0.0375442742281096
1591.12112084902 0.395400355411416 0.0475037633422509
1593.1484650871 0.414039790497176 0.0632075390596067
1595.17702365282 0.437579293860997 0.0588383049730545
1597.20512701125 0.462999635224657 0.0648353652249143
1599.23310891765 0.48853381262751 0.0818655240592961
1601.26130632668 0.513603832849184 0.0654124472659351
1603.28965005317 0.538287865924915 0.0580854279856748
1605.31693688 0.562629276363426 0.0496881607524761
1607.34397378636 0.586163999396407 0.0217706578265043
1609.37047113536 0.607902027401659 0.0435592212975001
1611.39761070941 0.626727984370144 0.062860189312334
1613.42511707039 0.641968759797146 0.0402125112789585
1615.45302291987 0.653806109100192 0.0391298671376703
1617.48248921326 0.663329867108791 0.0539526442835465
1619.50848425669 0.672236855565129 0.0318396818048832
1621.53595720755 0.682351498774524 0.0393515837739728
1623.56312946217 0.695198008974161 0.0578725398563849
1625.59080162918 0.711773931868798 0.0542368042310236
1627.61889191726 0.732532182064913 0.0327581955172972
1629.64597994534 0.757479913861816 0.0456050548944286
1631.67363865447 0.786272639946609 0.0413833574040783
1633.70125640785 0.818232008537475 0.0149580020444712
1635.72476296766 0.852295239028845 0.0467126623058169
1637.75117696866 0.886964791819871 0.0322833205173311
1639.77999269802 0.920333967832768 0.0466957799814863
1641.80784409724 0.950235677416807 0.0463476101837991
1643.83645352916 0.974514450855878 0.0513312970810087
1645.86314215245 0.991391432914511 0.0497879642764442
1647.89148745159 0.999854661575219 0.0534837030536892
1649.91978400124 1 0.0373672152635208
1651.94644501333 0.993201159691883 0.0546022438342992
1653.97356326643 0.98199401690931 0.0840651380558256
1655.99591827054 0.969600730832746 0.06950346800119
1658.02386838803 0.959118678299851 0.0620747654242262
1660.05015334386 0.95259095828281 0.0456004401814047
1662.07541229397 0.950282367608867 0.0597442062563669
1664.10315346433 0.950502608400178 0.0739899992742822
1666.12546462418 0.950135140237919 0.0615294707316514
1668.15333738561 0.945722864669112 0.0620631059174662
1670.17938092938 0.9346814450096 0.0856196678804138
1672.20470335366 0.916113257976669 0.05628908968721
1674.23237364375 0.890883878730899 0.057509421088163
1676.26034187454 0.860971734417007 0.0412850337668676
1678.28739595778 0.828467309155364 0.0566753247995518
1680.3159371376 0.794742624886228 0.035404846181062
1682.34412909195 0.760154221544254 0.0326509622100575
1684.3722029954 0.724335928104098 0.034431099331364
1686.39932577621 0.686809720541169 0.0227855438605942
1688.42725073725 0.64754522393206 0.0258810855921737
1690.45485222786 0.607196225909689 0.0293694209354695
1692.48105502099 0.566984007722179 0.0215668045145006
1694.50577870751 0.52835577821461 0.028465113735214
1696.52758448329 0.492606555291721 0.0261114870994546
1698.54512515314 0.460582931958358 0.0274411551950876
1700.57301913006 0.432516879543313 0.0263604792343431
1702.60156946833 0.408003206237389 0.0312847573153501
1704.63016873916 0.386139918351954 0.0329012679665703
1706.65743714426 0.365828689540765 0.0465058577655079
1708.68562833811 0.346160077645391 0.024864515264309
1710.71464158354 0.326728531049834 0.0317523964728123
1712.74313716804 0.307714203846555 0.0147865893013544
1714.77148730333 0.289674764219351 0.0115022576243307
1716.79985169455 0.273173643792248 0.0241316270478969
1718.82888188168 0.25845471448683 0.0198540135618484
1720.85797147135 0.245348852654834 0.0231453110212516
1722.88667886822 0.233422635016682 0.0235708527637504
1724.91518901469 0.222215998157959 0.0240474439818788
1726.94393493357 0.211373570969367 0.0242065650173779
1728.97265877182 0.200590025647553 0.0138530579026477
1731.00125670422 0.189463540577157 0.0245643664295257
1733.0297408825 0.177436819681487 0.0223612503607914
1735.05825334194 0.163939948900832 0.00992450349488289
1737.08691402055 0.14868225349168 0.0123633935932359
1739.11572462954 0.131915118408526 0.0140733923487754
1741.14436356657 0.114492568007802 0.0148066327087858
1743.17328491774 0.0976814098747398 0.0174560546313885
1745.20158835624 0.0828125769298124 0.0190264366726657
1747.23023248453 0.0709236917080691 0.0194096978139486
1749.25906781467 0.0625034561367941 0.01637713994538
1751.2878968232 0.0573774646725228 0.0122549775789012
1753.31671288455 0.0547420380152032 0.00980836060179132
1755.34567997532 0.0533572179956839 0.0197083498445785
1757.37446300191 0.0518961891249893 0.0126938563701479
1759.40281561049 0.049375718703069 0.00144725100075428
1761.43153999126 0.0454928942670506 0.0132299656678474
1763.4605848866 0.0406775586634669 0.0130725131013783
1765.48962630789 0.0357951254339865 0.0158339393781886
1767.51874496513 0.0316550215505466 0.0202535604536733
1769.54752919269 0.028633053814224 0.0154755546992792
1771.57636623131 0.0266571187612271 0.0175415944503345
1773.60526681507 0.0255401778153873 0.0117688271263885
1775.63406771454 0.0253559535499357 0.0141661127087062
1777.66289226174 0.026475713371893 0.00653236195210483
1779.69182194541 0.0291136494342265 0.0136695866328814
1781.72065842673 0.0326288927519933 0.0111617694321809
1783.7493158106 0.0304882976895858 0.0116955365181429
1785.77807456107 0.0270286811353396 0.00785753691077652
1787.80708198489 0.0222500430892603 0.0124647095448109
1789.83610668196 0.0161523835513443 0.0111261784220824
1791.86516719129 0.00873570252159148 0.0111871773250769
1793.89410007076 0 0.021149462281504
