3.14, 2509.0
6.6, 6733.0
10.06, 13466.0
13.52, 17444.0
16.97, 52757.0
20.42, 51183.0
23.87, 50125.0
27.31, 49671.0
30.75, 49458.0
34.19, 49247.0
37.62, 49194.0
41.05, 49194.0
44.48, 49139.0
47.9, 49138.0
51.32, 49187.0
54.73, 49146.0
58.15, 49217.0
61.56, 49153.0
64.96, 48995.0
68.37, 48882.0
71.77, 48947.0
75.16, 49279.0
78.55, 50430.0
81.94, 52744.0
85.33, 50283.0
88.71, 46018.0
92.09, 50402.0
95.47, 52757.0
98.84, 52740.0
102.21, 52697.0
105.58, 41742.0
108.94, 31820.0
112.3, 26633.0
115.66, 21933.0
119.01, 18383.0
122.36, 16067.0
125.71, 14609.0
129.05, 13550.0
132.39, 12726.0
135.73, 12502.0
139.06, 13237.0
142.39, 15825.0
145.72, 19765.0
149.04, 19477.0
152.36, 15012.0
155.68, 11951.0
158.99, 10751.0
162.31, 10742.0
165.61, 11033.0
168.92, 10613.0
172.22, 9553.0
175.52, 8655.0
178.81, 8028.0
182.11, 7735.0
185.39, 7611.0
188.68, 7638.0
191.96, 7987.0
195.24, 7999.0
198.52, 7588.0
201.79, 7146.0
205.06, 6853.0
208.33, 6680.0
211.59, 6626.0
214.85, 6491.0
218.11, 6466.0
221.36, 6426.0
224.61, 6406.0
227.86, 6285.0
231.11, 6175.0
234.35, 6131.0
237.59, 6277.0
240.82, 6639.0
244.06, 7041.0
247.29, 7405.0
250.51, 7510.0
253.74, 6837.0
256.96, 6360.0
260.17, 6280.0
263.39, 6262.0
266.6, 6130.0
269.81, 6233.0
273.01, 6156.0
276.21, 6225.0
279.41, 6256.0
282.61, 6409.0
285.8, 6694.0
288.99, 7278.0
292.18, 7495.0
295.36, 6894.0
298.54, 6490.0
301.72, 6435.0
304.9, 6434.0
308.07, 6504.0
311.24, 6666.0
314.4, 6860.0
317.56, 7244.0
320.72, 8309.0
323.88, 9812.0
327.04, 10316.0
330.19, 8759.0
333.33, 7269.0
336.48, 6561.0
339.62, 6222.0
342.76, 6121.0
345.9, 6083.0
349.03, 5968.0
352.16, 5962.0
355.29, 5958.0
358.41, 5964.0
361.53, 5932.0
364.65, 5897.0
367.77, 5908.0
370.88, 5758.0
373.99, 5899.0
377.1, 5875.0
380.2, 5959.0
383.3, 5892.0
386.4, 5970.0
389.5, 5961.0
392.59, 6014.0
395.68, 5996.0
398.77, 6052.0
401.85, 6191.0
404.93, 6429.0
408.01, 6837.0
411.09, 8073.0
414.16, 11755.0
417.23, 15261.0
420.3, 11301.0
423.36, 8296.0
426.42, 7121.0
429.48, 6295.0
432.54, 6055.0
435.59, 5969.0
438.64, 5934.0
441.69, 5858.0
444.73, 5910.0
447.77, 5873.0
450.81, 5819.0
453.85, 5874.0
456.88, 5816.0
459.91, 5834.0
462.94, 5874.0
465.96, 5814.0
468.98, 5844.0
472, 5801.0
475.02, 5809.0
478.03, 5887.0
481.05, 5968.0
484.05, 6027.0
487.06, 6079.0
490.06, 6074.0
493.06, 6127.0
496.06, 6108.0
499.05, 6151.0
502.05, 6171.0
505.04, 6455.0
508.02, 7732.0
511.01, 11811.0
513.99, 15536.0
516.96, 10635.0
519.94, 6411.0
522.91, 5259.0
525.88, 4881.0
528.85, 4808.0
531.82, 4850.0
534.78, 4838.0
537.74, 4817.0
540.69, 4857.0
543.65, 4921.0
546.6, 5050.0
549.55, 5272.0
552.49, 6170.0
555.44, 10255.0
558.38, 15975.0
561.32, 11178.0
564.25, 6328.0
567.18, 5349.0
570.11, 5030.0
573.04, 4908.0
575.97, 5200.0
578.89, 5478.0
581.81, 5013.0
584.73, 4804.0
587.64, 4701.0
590.55, 4674.0
593.46, 4721.0
596.37, 4811.0
599.27, 5230.0
602.17, 6808.0
605.07, 10526.0
607.97, 11055.0
610.86, 6472.0
613.75, 4916.0
616.64, 4596.0
619.53, 4533.0
622.41, 4432.0
625.29, 4407.0
628.17, 4398.0
631.05, 4450.0
633.92, 4541.0
636.79, 4825.0
639.66, 5036.0
642.52, 4670.0
645.38, 4389.0
648.25, 4331.0
651.1, 4297.0
653.96, 4303.0
656.81, 4356.0
659.66, 4355.0
662.51, 4444.0
665.35, 4546.0
668.2, 4928.0
671.04, 5597.0
673.87, 7340.0
676.71, 11454.0
679.54, 15998.0
682.37, 11253.0
685.2, 6450.0
688.02, 5197.0
690.85, 4722.0
693.67, 4478.0
696.48, 4385.0
699.3, 4353.0
702.11, 4300.0
704.92, 4218.0
707.73, 4194.0
710.54, 4189.0
713.34, 4230.0
716.14, 4201.0
718.94, 4119.0
721.73, 4125.0
724.53, 4085.0
727.32, 4051.0
730.1, 4055.0
732.89, 4031.0
735.67, 4069.0
738.45, 4174.0
741.23, 4100.0
744.01, 4231.0
746.78, 4426.0
749.55, 5155.0
752.32, 7142.0
755.09, 6496.0
757.85, 5033.0
760.61, 5673.0
763.37, 6175.0
766.13, 6650.0
768.88, 13102.0
771.63, 34078.0
774.38, 26339.0
777.13, 7774.0
779.88, 5110.0
782.62, 4643.0
785.36, 4455.0
788.1, 4393.0
790.83, 4327.0
793.56, 4335.0
796.29, 4328.0
799.02, 4344.0
801.75, 4360.0
804.47, 4378.0
807.19, 4316.0
809.91, 4270.0
812.63, 4269.0
815.34, 4174.0
818.05, 4189.0
820.76, 4131.0
823.47, 4112.0
826.18, 4094.0
828.88, 4081.0
831.58, 4073.0
834.28, 4045.0
836.97, 4114.0
839.66, 4171.0
842.36, 4288.0
845.04, 4622.0
847.73, 5166.0
850.41, 5906.0
853.1, 6306.0
855.77, 6039.0
858.45, 5596.0
861.13, 5133.0
863.8, 4778.0
866.47, 4798.0
869.14, 5064.0
871.8, 5863.0
874.47, 8271.0
877.13, 12057.0
879.79, 10595.0
882.44, 6345.0
885.1, 4710.0
887.75, 4219.0
890.4, 3971.0
893.05, 3921.0
895.69, 3845.0
898.34, 3853.0
900.98, 3786.0
903.61, 3823.0
906.25, 3797.0
908.89, 3785.0
911.52, 3853.0
914.15, 3831.0
916.77, 3906.0
919.4, 4005.0
922.02, 4136.0
924.64, 4376.0
927.26, 4721.0
929.88, 5292.0
932.49, 6196.0
935.1, 7505.0
937.71, 8898.0
940.32, 11432.0
942.93, 10433.0
945.53, 6693.0
948.13, 4847.0
950.73, 4189.0
953.33, 3968.0
955.92, 3856.0
958.51, 3803.0
961.1, 3785.0
963.69, 3836.0
966.28, 3881.0
968.86, 4090.0
971.44, 4637.0
974.02, 4579.0
976.6, 4064.0
979.17, 3962.0
981.75, 3931.0
984.32, 3954.0
986.89, 3979.0
989.45, 4012.0
992.02, 4191.0
994.58, 4317.0
997.14, 4668.0
999.7, 5200.0
1002.25, 5911.0
1004.8, 7967.0
1007.36, 14752.0
1009.91, 16177.0
1012.45, 8897.0
1015, 6640.0
1017.54, 6940.0
1020.08, 8188.0
1022.62, 10472.0
1025.16, 14215.0
1027.69, 17223.0
1030.22, 14803.0
1032.75, 9949.0
1035.28, 7235.0
1037.81, 6101.0
1040.33, 5476.0
1042.85, 5162.0
1045.37, 5007.0
1047.89, 4842.0
1050.41, 4793.0
1052.92, 4713.0
1055.43, 4678.0
1057.94, 4592.0
1060.45, 4677.0
1062.96, 4631.0
1065.46, 4658.0
1067.96, 4627.0
1070.46, 4637.0
1072.96, 4602.0
1075.45, 4592.0
1077.94, 4593.0
1080.44, 4592.0
1082.92, 4586.0
1085.41, 4663.0
1087.9, 4656.0
1090.38, 4751.0
1092.86, 4848.0
1095.34, 4921.0
1097.81, 5013.0
1100.29, 5278.0
1102.76, 6080.0
1105.23, 6969.0
1107.7, 6282.0
1110.17, 5437.0
1112.63, 5205.0
1115.1, 5127.0
1117.56, 5098.0
1120.01, 5060.0
1122.47, 5038.0
1124.93, 4989.0
1127.38, 5066.0
1129.83, 5158.0
1132.28, 5165.0
1134.72, 5255.0
1137.17, 5344.0
1139.61, 5504.0
1142.05, 5655.0
1144.49, 6320.0
1146.93, 8167.0
1149.36, 7831.0
1151.79, 6005.0
1154.22, 5668.0
1156.65, 5540.0
1159.08, 5467.0
1161.51, 5496.0
1163.93, 5476.0
1166.35, 5512.0
1168.77, 5607.0
1171.19, 5669.0
1173.6, 5826.0
1176.01, 6146.0
1178.42, 6599.0
1180.83, 6652.0
1183.24, 6400.0
1185.65, 6130.0
1188.05, 6018.0
1190.45, 5981.0
1192.85, 5903.0
1195.25, 6023.0
1197.64, 5936.0
1200.04, 5953.0
1202.43, 6073.0
1204.82, 6153.0
1207.21, 6139.0
1209.59, 6211.0
1211.98, 6413.0
1214.36, 6674.0
1216.74, 6834.0
1219.12, 6855.0
1221.49, 6734.0
1223.87, 6675.0
1226.24, 6759.0
1228.61, 6890.0
1230.98, 7135.0
1233.35, 7792.0
1235.71, 8846.0
1238.08, 11205.0
1240.44, 17910.0
1242.8, 21033.0
1245.16, 13196.0
1247.51, 8955.0
1249.86, 9614.0
1252.22, 12823.0
1254.57, 18183.0
1256.91, 24672.0
1259.26, 21097.0
1261.61, 13461.0
1263.95, 10293.0
1266.29, 9102.0
1268.63, 8420.0
1270.96, 8205.0
1273.3, 8161.0
1275.63, 8255.0
1277.96, 8360.0
1280.29, 8412.0
1282.62, 8457.0
1284.95, 8612.0
1287.27, 8643.0
1289.59, 8781.0
1291.91, 8954.0
1294.23, 9066.0
1296.55, 9329.0
1298.86, 9563.0
1301.18, 9832.0
1303.49, 10114.0
1305.8, 10479.0
1308.11, 11270.0
1310.41, 12937.0
1312.72, 16785.0
1315.02, 19134.0
1317.32, 16238.0
1319.62, 13119.0
1321.91, 11964.0
1324.21, 11859.0
1326.5, 12032.0
1328.79, 12543.0
1331.08, 12984.0
1333.37, 14046.0
1335.66, 16140.0
1337.94, 18679.0
1340.22, 19372.0
1342.5, 18686.0
1344.78, 15936.0
1347.06, 14308.0
1349.33, 14134.0
1351.61, 14233.0
1353.88, 14317.0
1356.15, 14806.0
1358.42, 15187.0
1360.68, 14919.0
1362.95, 14172.0
1365.21, 13689.0
1367.47, 13723.0
1369.73, 13739.0
1371.99, 13858.0
1374.24, 14196.0
1376.5, 14513.0
1378.75, 15030.0
1381, 15710.0
1383.25, 16527.0
1385.49, 16605.0
1387.74, 15867.0
1389.98, 14696.0
1392.22, 13957.0
1394.46, 13600.0
1396.7, 13469.0
1398.94, 13205.0
1401.17, 13186.0
1403.41, 13209.0
1405.64, 13278.0
1407.87, 13389.0
1410.09, 13703.0
1412.32, 13859.0
1414.54, 14130.0
1416.77, 14587.0
1418.99, 15149.0
1421.21, 16029.0
1423.42, 17279.0
1425.64, 18885.0
1427.85, 20463.0
1430.07, 22210.0
1432.28, 23578.0
1434.48, 25628.0
1436.69, 27631.0
1438.9, 27744.0
1441.1, 24982.0
1443.3, 21532.0
1445.5, 18651.0
1447.7, 16589.0
1449.9, 15064.0
1452.09, 13804.0
1454.29, 13158.0
1456.48, 13374.0
1458.67, 12994.0
1460.86, 12172.0
1463.04, 11558.0
1465.23, 11327.0
1467.41, 11128.0
1469.59, 11137.0
1471.77, 11026.0
1473.95, 10993.0
1476.13, 11088.0
1478.3, 11167.0
1480.48, 11345.0
1482.65, 11601.0
1484.82, 12026.0
1486.99, 12806.0
1489.15, 13978.0
1491.32, 15758.0
1493.48, 16591.0
1495.64, 15532.0
1497.8, 13468.0
1499.96, 12135.0
1502.12, 11635.0
1504.27, 11496.0
1506.43, 11602.0
1508.58, 11938.0
1510.73, 12119.0
1512.88, 12433.0
1515.02, 13024.0
1517.17, 14367.0
1519.31, 16665.0
1521.46, 19186.0
1523.6, 20086.0
1525.73, 18154.0
1527.87, 15057.0
1530.01, 12759.0
1532.14, 11556.0
1534.27, 10822.0
1536.4, 10578.0
1538.53, 10498.0
1540.66, 10324.0
1542.79, 10271.0
1544.91, 10261.0
1547.03, 10266.0
1549.15, 10243.0
1551.27, 10323.0
1553.39, 10239.0
1555.51, 10233.0
1557.62, 10166.0
1559.73, 10257.0
1561.84, 10263.0
1563.95, 10353.0
1566.06, 10440.0
1568.17, 10574.0
1570.27, 10755.0
1572.38, 10992.0
1574.48, 11200.0
1576.58, 11492.0
1578.68, 11822.0
1580.77, 11577.0
1582.87, 11151.0
1584.96, 10796.0
1587.05, 10646.0
1589.14, 10770.0
1591.23, 10777.0
1593.32, 11026.0
1595.41, 11206.0
1597.49, 11467.0
1599.57, 11933.0
1601.65, 12618.0
1603.73, 13713.0
1605.81, 15374.0
1607.89, 17931.0
1609.96, 21931.0
1612.04, 26552.0
1614.11, 29376.0
1616.18, 28240.0
1618.25, 24548.0
1620.31, 21337.0
1622.38, 18893.0
1624.44, 15944.0
1626.51, 13037.0
1628.57, 11290.0
1630.63, 10340.0
1632.68, 9630.0
1634.74, 9330.0
1636.79, 9069.0
1638.85, 8910.0
1640.9, 8743.0
1642.95, 8617.0
1645, 8430.0
1647.04, 8297.0
1649.09, 8114.0
1651.13, 8122.0
1653.18, 8023.0
1655.22, 7956.0
1657.26, 7808.0
1659.29, 7828.0
1661.33, 7754.0
1663.36, 7695.0
1665.4, 7645.0
1667.43, 7579.0
1669.46, 7485.0
1671.49, 7505.0
1673.52, 7345.0
1675.54, 7364.0
1677.57, 7278.0
1679.59, 7257.0
1681.61, 7187.0
1683.63, 7074.0
1685.65, 7080.0
1687.66, 7041.0
1689.68, 6980.0
1691.69, 6948.0
1693.7, 6951.0
1695.71, 6897.0
1697.72, 6893.0
1699.73, 6872.0
1701.74, 6828.0
1703.74, 6873.0
1705.74, 6781.0
1707.75, 6740.0
1709.75, 6701.0
1711.74, 6643.0
1713.74, 6563.0
1715.74, 6480.0
1717.73, 6462.0
1719.72, 6330.0
1721.72, 6301.0
1723.71, 6316.0
1725.69, 6213.0
1727.68, 6191.0
1729.67, 6164.0
1731.65, 6075.0
1733.63, 6115.0
1735.61, 6012.0
1737.59, 5993.0
1739.57, 5962.0
1741.55, 5922.0
1743.52, 5869.0
1745.5, 5886.0
1747.47, 5743.0
1749.44, 5706.0
1751.41, 5725.0
1753.38, 5624.0
1755.34, 5619.0
1757.31, 5605.0
1759.27, 5592.0
1761.23, 5536.0
1763.19, 5504.0
1765.15, 5472.0
1767.11, 5435.0
1769.07, 5408.0
1771.02, 5402.0
1772.97, 5320.0
1774.92, 5343.0
1776.88, 5277.0
1778.82, 5243.0
1780.77, 5177.0
1782.72, 5277.0
1784.66, 5177.0
1786.61, 5175.0
1788.55, 5207.0
1790.49, 5112.0
1792.43, 5060.0
1794.36, 5094.0
1796.3, 5058.0
1798.23, 5083.0
1800.17, 4969.0
1802.1, 5009.0
1804.03, 4992.0
1805.96, 4980.0
1807.89, 4966.0
1809.81, 4911.0
1811.74, 4825.0
1813.66, 4843.0
1815.58, 4798.0
1817.5, 4813.0
1819.42, 4788.0
1821.34, 4800.0
1823.26, 4824.0
1825.17, 4765.0
1827.08, 4760.0
1829, 4738.0
1830.91, 4770.0
1832.82, 4706.0
1834.72, 4694.0
1836.63, 4672.0
1838.54, 4633.0
1840.44, 4615.0
1842.34, 4595.0
1844.24, 4563.0
1846.14, 4555.0
1848.04, 4587.0
1849.94, 4560.0
1851.83, 4508.0
1853.73, 4545.0
1855.62, 4495.0
1857.51, 4488.0
1859.4, 4500.0
1861.29, 4493.0
1863.17, 4489.0
1865.06, 4475.0
1866.94, 4427.0
1868.83, 4404.0
1870.71, 4360.0
1872.59, 4378.0
1874.47, 4340.0
1876.34, 4295.0
1878.22, 4270.0
1880.1, 4260.0
1881.97, 4252.0
1883.84, 4195.0
1885.71, 4234.0
1887.58, 4230.0
1889.45, 4229.0
1891.31, 4141.0
1893.18, 4172.0
1895.04, 4102.0
1896.91, 4115.0
1898.77, 4093.0
1900.63, 4072.0
1902.48, 4010.0
1904.34, 4028.0
1906.2, 3967.0
1908.05, 3963.0
1909.9, 3900.0
1911.76, 3894.0
1913.61, 3855.0
1915.45, 3869.0
1917.3, 3829.0
1919.15, 3827.0
1920.99, 3825.0
1922.84, 3770.0
1924.68, 3761.0
1926.52, 3742.0
1928.36, 3770.0
1930.2, 3724.0
1932.03, 3700.0
1933.87, 3669.0
1935.7, 3649.0
1937.54, 3578.0
1939.37, 3515.0
1941.2, 3555.0
1943.03, 3500.0
1944.85, 3517.0
1946.68, 3435.0
1948.51, 3426.0
1950.33, 3407.0
1952.15, 3397.0
1953.97, 3325.0
1955.79, 3292.0
1957.61, 3255.0
1959.43, 3228.0
1961.24, 3188.0
1963.06, 3195.0
1964.87, 3131.0
1966.68, 3116.0
1968.49, 3047.0
1970.3, 3032.0
1972.11, 3029.0
1973.91, 2987.0
1975.72, 2987.0
1977.52, 2965.0
1979.33, 2885.0
1981.13, 2900.0
1982.93, 2899.0
1984.72, 2838.0
1986.52, 2800.0
1988.32, 2799.0
1990.11, 2768.0
1991.91, 2705.0
1993.7, 2698.0
1995.49, 2668.0
1997.28, 2652.0
1999.07, 2578.0
2000.85, 2579.0
2002.64, 2548.0
2004.42, 2498.0
2006.21, 2487.0
2007.99, 2477.0
2009.77, 2474.0
2011.55, 2437.0
2013.32, 2421.0
2015.1, 2419.0
2016.88, 2348.0
2018.65, 2356.0
2020.42, 2316.0
2022.19, 2335.0
2023.96, 2279.0
2025.73, 2276.0
2027.5, 2216.0
2029.27, 2240.0
2031.03, 2171.0
2032.8, 2149.0
2034.56, 2129.0
2036.32, 2077.0
2038.08, 2067.0
2039.84, 2091.0
2041.6, 2067.0
2043.35, 2048.0
2045.11, 2019.0
2046.86, 2044.0
2048.61, 1988.0
2050.36, 1991.0
2052.11, 1965.0
2053.86, 1945.0
2055.61, 1950.0
2057.36, 1906.0
2059.1, 1866.0
2060.84, 1871.0
2062.59, 1850.0
2064.33, 1830.0
2066.07, 1824.0
2067.81, 1800.0
2069.54, 1792.0
2071.28, 1792.0
2073.01, 1754.0
2074.75, 1753.0
2076.48, 1737.0
2078.21, 1733.0
2079.94, 1761.0
2081.67, 1708.0
2083.4, 1688.0
2085.12, 1679.0
2086.85, 1664.0
2088.57, 1654.0
2090.29, 1648.0
2092.01, 1606.0
2093.73, 1614.0
2095.45, 1580.0
2097.17, 1564.0
2098.88, 1571.0
2100.6, 1554.0
2102.31, 1570.0
2104.02, 1538.0
2105.74, 1525.0
2107.45, 1539.0
2109.15, 1520.0
2110.86, 1528.0
2112.57, 1504.0
2114.27, 1480.0
2115.98, 1480.0
2117.68, 1503.0
2119.38, 1473.0
2121.08, 1480.0
2122.78, 1442.0
2124.48, 1425.0
2126.17, 1449.0
2127.87, 1430.0
2129.56, 1389.0
2131.26, 1399.0
2132.95, 1374.0
2134.64, 1401.0
2136.33, 1366.0
2138.01, 1337.0
2139.7, 1376.0
2141.39, 1359.0
2143.07, 1363.0
2144.75, 1339.0
2146.44, 1345.0
2148.12, 1347.0
2149.79, 1345.0
2151.47, 1341.0
2153.15, 1299.0
2154.83, 1306.0
2156.5, 1292.0
2158.17, 1281.0
2159.85, 1303.0
2161.52, 1296.0
2163.19, 1266.0
2164.85, 1248.0
2166.52, 1260.0
2168.19, 1270.0
2169.85, 1256.0
2171.52, 1264.0
2173.18, 1263.0
2174.84, 1259.0
2176.5, 1254.0
2178.16, 1243.0
2179.82, 1233.0
2181.47, 1240.0
2183.13, 1227.0
2184.78, 1214.0
2186.44, 1228.0
2188.09, 1198.0
2189.74, 1197.0
2191.39, 1177.0
2193.04, 1180.0
2194.68, 1192.0
2196.33, 1197.0
2197.97, 1170.0
2199.62, 1185.0
2201.26, 1193.0
2202.9, 1158.0
2204.54, 1173.0
2206.18, 1153.0
2207.82, 1174.0
2209.45, 1150.0
2211.09, 1174.0
2212.72, 1158.0
2214.35, 1174.0
2215.99, 1142.0
2217.62, 1145.0
2219.25, 1145.0
2220.87, 1118.0
2222.5, 1119.0
2224.13, 1137.0
2225.75, 1133.0
2227.38, 1125.0
2229, 1121.0
2230.62, 1110.0
2232.24, 1130.0
2233.86, 1128.0
2235.47, 1103.0
2237.09, 1110.0
2238.71, 1105.0
2240.32, 1094.0
2241.93, 1097.0
2243.55, 1101.0
2245.16, 1086.0
2246.77, 1089.0
2248.37, 1092.0
2249.98, 1066.0
2251.59, 1053.0
2253.19, 1084.0
2254.79, 1077.0
2256.4, 1042.0
2258, 1067.0
2259.6, 1056.0
2261.2, 1061.0
2262.8, 1051.0
2264.39, 1050.0
2265.99, 1064.0
2267.58, 1066.0
2269.18, 1058.0
2270.77, 1042.0
2272.36, 1055.0
2273.95, 1052.0
2275.54, 1039.0
2277.12, 1022.0
2278.71, 1054.0
2280.3, 1040.0
2281.88, 1028.0
2283.46, 1019.0
2285.04, 1022.0
2286.63, 1010.0
2288.2, 1001.0
2289.78, 1017.0
2291.36, 1022.0
2292.94, 1016.0
2294.51, 1023.0
2296.08, 1026.0
2297.66, 1025.0
2299.23, 1000.0
2300.8, 1030.0
2302.37, 999.0
2303.94, 994.0
2305.5, 995.0
2307.07, 994.0
2308.63, 981.0
2310.2, 968.0
2311.76, 971.0
2313.32, 966.0
2314.88, 975.0
2316.44, 976.0
2318, 951.0
2319.56, 976.0
2321.11, 971.0
2322.67, 984.0
2324.22, 963.0
2325.77, 963.0
2327.32, 969.0
2328.87, 962.0
2330.42, 955.0
2331.97, 967.0
2333.52, 963.0
2335.06, 954.0
2336.61, 957.0
2338.15, 954.0
2339.69, 936.0
2341.23, 933.0
2342.77, 932.0
2344.31, 940.0
2345.85, 935.0
2347.38, 933.0
2348.92, 927.0
2350.45, 945.0
2351.99, 925.0
2353.52, 922.0
2355.05, 931.0
2356.58, 930.0
2358.11, 923.0
2359.64, 932.0
2361.16, 927.0
2362.69, 930.0
2364.21, 917.0
2365.74, 923.0
2367.26, 910.0
2368.78, 916.0
2370.3, 922.0
2371.82, 919.0
2373.34, 899.0
2374.85, 897.0
2376.37, 914.0
2377.88, 911.0
2379.4, 897.0
2380.91, 882.0
2382.42, 893.0
2383.93, 895.0
2385.44, 906.0
2386.94, 895.0
2388.45, 903.0
2389.96, 906.0
2391.46, 885.0
2392.96, 894.0
2394.47, 895.0
2395.97, 902.0
2397.47, 879.0
2398.97, 876.0
2400.46, 880.0
2401.96, 886.0
2403.46, 884.0
2404.95, 856.0
2406.44, 872.0
2407.94, 855.0
2409.43, 875.0
2410.92, 863.0
2412.41, 868.0
2413.9, 861.0
2415.38, 872.0
2416.87, 862.0
2418.35, 852.0
2419.84, 857.0
2421.32, 871.0
2422.8, 866.0
2424.28, 856.0
2425.76, 851.0
2427.24, 865.0
2428.72, 857.0
2430.19, 840.0
2431.67, 840.0
2433.14, 848.0
2434.61, 842.0
2436.09, 849.0
2437.56, 827.0
2439.03, 837.0
2440.49, 838.0
2441.96, 842.0
2443.43, 850.0
2444.89, 843.0
2446.36, 846.0
2447.82, 832.0
2449.28, 840.0
2450.74, 838.0
2452.2, 848.0
2453.66, 834.0
2455.12, 841.0
2456.58, 830.0
2458.03, 836.0
2459.49, 836.0
2460.94, 828.0
2462.39, 814.0
2463.84, 824.0
2465.29, 821.0
2466.74, 825.0
2468.19, 810.0
2469.64, 812.0
2471.08, 817.0
2472.53, 824.0
2473.97, 809.0
2475.41, 808.0
2476.86, 816.0
2478.3, 811.0
2479.74, 815.0
2481.17, 832.0
2482.61, 803.0
2484.05, 827.0
2485.48, 812.0
2486.92, 813.0
2488.35, 817.0
2489.78, 809.0
2491.21, 807.0
2492.64, 824.0
2494.07, 800.0
2495.5, 790.0
2496.93, 797.0
2498.35, 801.0
2499.78, 804.0
2501.2, 789.0
2502.62, 790.0
2504.04, 779.0
2505.46, 786.0
2506.88, 787.0
2508.3, 776.0
2509.72, 789.0
2511.13, 779.0
2512.55, 787.0
2513.96, 787.0
2515.38, 797.0
2516.79, 789.0
2518.2, 772.0
2519.61, 770.0
2521.02, 793.0
2522.43, 771.0
2523.83, 759.0
2525.24, 787.0
2526.64, 781.0
2528.05, 764.0
2529.45, 783.0
2530.85, 758.0
2532.25, 763.0
2533.65, 749.0
2535.05, 760.0
2536.44, 750.0
2537.84, 755.0
2539.24, 752.0
2540.63, 745.0
2542.02, 749.0
2543.41, 743.0
2544.81, 762.0
2546.2, 746.0
2547.58, 749.0
2548.97, 755.0
2550.36, 746.0
2551.74, 743.0
2553.13, 754.0
2554.51, 748.0
2555.9, 728.0
2557.28, 745.0
2558.66, 728.0
2560.04, 736.0
2561.42, 733.0
2562.79, 735.0
2564.17, 728.0
2565.54, 741.0
2566.92, 718.0
2568.29, 735.0
2569.66, 713.0
2571.03, 719.0
2572.4, 727.0
2573.77, 715.0
2575.14, 726.0
2576.51, 709.0
2577.87, 715.0
2579.24, 721.0
2580.6, 727.0
2581.97, 714.0
2583.33, 728.0
2584.69, 715.0
2586.05, 724.0
2587.41, 714.0
2588.76, 719.0
2590.12, 719.0
2591.48, 714.0
2592.83, 717.0
2594.18, 725.0
2595.54, 700.0
2596.89, 702.0
2598.24, 714.0
2599.59, 711.0
2600.94, 690.0
2602.28, 702.0
2603.63, 689.0
2604.98, 687.0
2606.32, 691.0
2607.66, 678.0
2609.01, 705.0
2610.35, 683.0
2611.69, 686.0
2613.03, 688.0
2614.36, 688.0
2615.7, 697.0
2617.04, 696.0
2618.37, 682.0
2619.71, 699.0
2621.04, 688.0
2622.37, 681.0
2623.7, 678.0
2625.03, 680.0
2626.36, 677.0
2627.69, 691.0
2629.02, 681.0
2630.34, 682.0
2631.67, 683.0
2632.99, 677.0
2634.31, 678.0
2635.63, 672.0
2636.96, 669.0
2638.27, 674.0
2639.59, 682.0
2640.91, 680.0
2642.23, 668.0
2643.54, 672.0
2644.86, 669.0
2646.17, 672.0
2647.48, 678.0
2648.8, 675.0
2650.11, 678.0
2651.42, 674.0
2652.72, 674.0
2654.03, 673.0
2655.34, 659.0
2656.64, 671.0
2657.95, 664.0
2659.25, 669.0
2660.55, 670.0
2661.85, 666.0
2663.16, 677.0
2664.45, 674.0
2665.75, 664.0
2667.05, 660.0
2668.35, 650.0
2669.64, 659.0
2670.94, 670.0
2672.23, 663.0
2673.52, 668.0
2674.81, 660.0
2676.1, 662.0
2677.39, 683.0
2678.68, 680.0
2679.97, 668.0
2681.25, 672.0
2682.54, 666.0
2683.82, 665.0
2685.11, 658.0
2686.39, 663.0
2687.67, 653.0
2688.95, 661.0
2690.23, 650.0
2691.51, 656.0
2692.78, 660.0
2694.06, 665.0
2695.34, 658.0
2696.61, 650.0
2697.88, 650.0
2699.16, 650.0
2700.43, 650.0
2701.7, 648.0
2702.97, 644.0
2704.23, 630.0
2705.5, 635.0
2706.77, 642.0
2708.03, 630.0
2709.3, 634.0
2710.56, 631.0
2711.82, 631.0
2713.08, 627.0
2714.34, 637.0
2715.6, 635.0
2716.86, 629.0
2718.12, 627.0
2719.37, 629.0
2720.63, 625.0
2721.88, 631.0
2723.13, 633.0
2724.39, 628.0
2725.64, 628.0
2726.89, 623.0
2728.14, 622.0
2729.38, 630.0
2730.63, 615.0
2731.88, 619.0
2733.12, 623.0
2734.37, 619.0
2735.61, 616.0
2736.85, 611.0
2738.09, 612.0
2739.33, 610.0
2740.57, 613.0
2741.81, 605.0
2743.05, 610.0
2744.28, 619.0
2745.52, 607.0
2746.75, 606.0
2747.98, 607.0
2749.22, 614.0
2750.45, 607.0
2751.68, 611.0
2752.91, 612.0
2754.13, 619.0
2755.36, 611.0
2756.59, 609.0
2757.81, 608.0
2759.04, 603.0
2760.26, 607.0
2761.48, 613.0
2762.7, 610.0
2763.92, 606.0
2765.14, 607.0
2766.36, 612.0
2767.58, 597.0
2768.79, 609.0
2770.01, 608.0
2771.22, 601.0
2772.44, 607.0
2773.65, 608.0
2774.86, 604.0
2776.07, 601.0
2777.28, 601.0
2778.49, 598.0
2779.69, 603.0
2780.9, 610.0
2782.11, 609.0
2783.31, 610.0
2784.51, 607.0
2785.72, 603.0
2786.92, 604.0
2788.12, 603.0
2789.32, 603.0
2790.51, 603.0
2791.71, 597.0
2792.91, 607.0
2794.1, 598.0
2795.3, 604.0
2796.49, 602.0
2797.68, 600.0
2798.88, 607.0
2800.07, 605.0
2801.25, 607.0
2802.44, 598.0
2803.63, 604.0
2804.82, 599.0
2806, 608.0
2807.19, 609.0
2808.37, 602.0
2809.55, 606.0
2810.73, 600.0
2811.91, 604.0
2813.09, 603.0
2814.27, 607.0
2815.45, 603.0
2816.63, 609.0
2817.8, 614.0
2818.98, 597.0
2820.15, 605.0
2821.32, 613.0
2822.49, 611.0
2823.67, 605.0
2824.83, 603.0
2826, 611.0
2827.17, 614.0
2828.34, 612.0
2829.5, 615.0
2830.67, 601.0
2831.83, 600.0
2832.99, 617.0
2834.16, 598.0
2835.32, 605.0
2836.48, 612.0
2837.64, 603.0
2838.79, 608.0
2839.95, 607.0
2841.11, 600.0
2842.26, 601.0
2843.42, 605.0
2844.57, 601.0
2845.72, 605.0
2846.87, 600.0
2848.02, 602.0
2849.17, 601.0
2850.32, 596.0
2851.47, 607.0
2852.61, 608.0
2853.76, 605.0
2854.9, 599.0
2856.04, 606.0
2857.19, 613.0
2858.33, 611.0
2859.47, 613.0
2860.61, 603.0
2861.74, 594.0
2862.88, 607.0
2864.02, 604.0
2865.15, 603.0
2866.29, 600.0
2867.42, 601.0
2868.55, 602.0
2869.68, 601.0
2870.81, 601.0
2871.94, 610.0
2873.07, 603.0
2874.2, 606.0
2875.33, 609.0
2876.45, 605.0
2877.58, 603.0
2878.7, 612.0
2879.82, 600.0
2880.94, 602.0
2882.06, 606.0
2883.18, 602.0
2884.3, 608.0
2885.42, 610.0
2886.54, 597.0
2887.65, 605.0
2888.77, 605.0
2889.88, 601.0
2890.99, 601.0
2892.1, 601.0
2893.21, 602.0
2894.32, 600.0
2895.43, 596.0
2896.54, 603.0
2897.65, 604.0
2898.75, 605.0
2899.86, 601.0
2900.96, 604.0
2902.06, 607.0
2903.17, 605.0
2904.27, 611.0
2905.37, 613.0
2906.47, 619.0
2907.56, 616.0
2908.66, 621.0
2909.76, 624.0
2910.85, 635.0
2911.95, 636.0
2913.04, 635.0
2914.13, 636.0
2915.22, 651.0
2916.31, 651.0
2917.4, 657.0
2918.49, 663.0
2919.58, 676.0
2920.66, 678.0
2921.75, 697.0
2922.83, 699.0
2923.92, 693.0
2925, 690.0
2926.08, 704.0
2927.16, 686.0
2928.24, 689.0
2929.32, 673.0
2930.4, 662.0
2931.47, 648.0
2932.55, 645.0
2933.62, 634.0
2934.7, 633.0
2935.77, 621.0
2936.84, 608.0
2937.91, 610.0
2938.98, 607.0
2940.05, 617.0
2941.12, 608.0
2942.18, 598.0
2943.25, 594.0
2944.31, 597.0
2945.38, 592.0
2946.44, 602.0
2947.5, 587.0
2948.56, 587.0
2949.62, 596.0
2950.68, 593.0
2951.74, 593.0
2952.8, 586.0
2953.85, 586.0
2954.91, 587.0
2955.96, 583.0
2957.01, 585.0
2958.07, 585.0
2959.12, 586.0
2960.17, 587.0
2961.22, 585.0
2962.26, 583.0
2963.31, 579.0
2964.36, 582.0
2965.4, 580.0
2966.45, 577.0
2967.49, 588.0
2968.53, 587.0
2969.57, 582.0
2970.61, 585.0
2971.65, 585.0
2972.69, 587.0
2973.73, 602.0
2974.77, 584.0
2975.8, 589.0
2976.84, 586.0
2977.87, 597.0
2978.9, 588.0
2979.93, 583.0
2980.96, 590.0
2981.99, 590.0
2983.02, 590.0
2984.05, 585.0
2985.08, 584.0
2986.1, 587.0
2987.13, 580.0
2988.15, 582.0
2989.17, 586.0
2990.19, 573.0
2991.21, 586.0
2992.23, 572.0
2993.25, 584.0
2994.27, 590.0
2995.29, 581.0
2996.3, 584.0
2997.32, 578.0
2998.33, 576.0
2999.34, 581.0
3000.36, 578.0
3001.37, 578.0
3002.38, 583.0
3003.39, 578.0
3004.39, 576.0
3005.4, 581.0
3006.41, 573.0
3007.41, 577.0
3008.42, 575.0
3009.42, 578.0
3010.42, 571.0
3011.42, 577.0
3012.42, 579.0
3013.42, 575.0
3014.42, 573.0
3015.42, 574.0
3016.41, 569.0
3017.41, 577.0
3018.4, 571.0
3019.4, 576.0
3020.39, 575.0
3021.38, 579.0
3022.37, 578.0
3023.36, 581.0
3024.35, 571.0
3025.34, 576.0
3026.32, 572.0
3027.31, 579.0
3028.29, 577.0
3029.28, 584.0
3030.26, 587.0
3031.24, 577.0
3032.22, 596.0
3033.2, 589.0
3034.18, 582.0
3035.16, 584.0
3036.13, 588.0
3037.11, 604.0
3038.08, 595.0
3039.06, 606.0
3040.03, 607.0
3041, 607.0
3041.97, 608.0
3042.94, 607.0
3043.91, 603.0
3044.88, 605.0
3045.84, 601.0
3046.81, 606.0
3047.78, 609.0
3048.74, 609.0
3049.7, 603.0
3050.66, 602.0
3051.62, 602.0
3052.58, 601.0
3053.54, 602.0
3054.5, 597.0
3055.46, 591.0
3056.41, 593.0
3057.37, 598.0
3058.32, 591.0
3059.28, 595.0
3060.23, 593.0
3061.18, 596.0
3062.13, 598.0
3063.08, 597.0
3064.03, 602.0
3064.97, 603.0
3065.92, 610.0
3066.87, 613.0
3067.81, 606.0
3068.75, 596.0
3069.7, 609.0
3070.64, 596.0
3071.58, 589.0
3072.52, 588.0
3073.45, 582.0
3074.39, 588.0
3075.33, 574.0
3076.26, 572.0
3077.2, 568.0
3078.13, 570.0
3079.06, 571.0
3079.99, 573.0
3080.92, 568.0
3081.85, 571.0
3082.78, 574.0
3083.71, 570.0
3084.64, 562.0
3085.56, 566.0
3086.49, 569.0
3087.41, 568.0
3088.33, 568.0
3089.25, 574.0
3090.17, 575.0
3091.09, 575.0
3092.01, 569.0
3092.93, 581.0
3093.85, 571.0
3094.76, 566.0
3095.68, 573.0
3096.59, 568.0
3097.5, 563.0
3098.41, 565.0
3099.32, 561.0
3100.23, 565.0
3101.14, 571.0
3102.05, 567.0
3102.96, 570.0
3103.86, 571.0
3104.77, 568.0
3105.67, 562.0
3106.57, 569.0
3107.48, 569.0
3108.38, 567.0
3109.28, 572.0
3110.17, 569.0
3111.07, 572.0
3111.97, 576.0
3112.86, 580.0
3113.76, 577.0
3114.65, 585.0
3115.55, 587.0
3116.44, 591.0
3117.33, 594.0
3118.22, 595.0
3119.11, 585.0
3120, 582.0
3120.88, 569.0
3121.77, 570.0
3122.65, 567.0
3123.54, 559.0
3124.42, 558.0
3125.3, 555.0
3126.18, 558.0
3127.06, 557.0
3127.94, 555.0
3128.82, 567.0
3129.7, 553.0
3130.57, 557.0
3131.45, 558.0
3132.32, 556.0
3133.19, 555.0
3134.06, 555.0
3134.94, 555.0
3135.81, 553.0
3136.67, 551.0
3137.54, 544.0
3138.41, 549.0
3139.28, 556.0
3140.14, 550.0
3141, 559.0
3141.87, 551.0
3142.73, 551.0
3143.59, 545.0
3144.45, 550.0
3145.31, 553.0
3146.17, 553.0
3147.02, 553.0
3147.88, 547.0
3148.73, 548.0
3149.59, 548.0
3150.44, 550.0
3151.29, 547.0
3152.14, 542.0
3152.99, 546.0
3153.84, 547.0
3154.69, 544.0
3155.54, 552.0
3156.38, 551.0
3157.23, 547.0
3158.07, 548.0
3158.91, 549.0
3159.76, 547.0
3160.6, 548.0
3161.44, 547.0
3162.28, 550.0
3163.11, 548.0
3163.95, 558.0
3164.79, 550.0
3165.62, 557.0
3166.46, 552.0
3167.29, 555.0
3168.12, 553.0
3168.95, 552.0
3169.78, 547.0
3170.61, 554.0
3171.44, 552.0
3172.26, 553.0
3173.09, 548.0
3173.91, 555.0
3174.74, 554.0
3175.56, 552.0
3176.38, 557.0
3177.2, 552.0
3178.02, 549.0
3178.84, 556.0
3179.66, 553.0
3180.48, 558.0
3181.29, 557.0
3182.11, 552.0
3182.92, 560.0
3183.73, 552.0
3184.54, 555.0
3185.36, 553.0
3186.17, 549.0
3186.97, 551.0
3187.78, 546.0
3188.59, 553.0
3189.39, 554.0
3190.2, 554.0
3191, 553.0
3191.8, 558.0
3192.61, 553.0
3193.41, 554.0
3194.21, 552.0
3195, 552.0
3195.8, 553.0
3196.6, 546.0
3197.39, 554.0
3198.19, 551.0
3198.98, 548.0
3199.77, 554.0
3200.57, 552.0
3201.36, 553.0
3202.15, 554.0
3202.93, 550.0
3203.72, 564.0
3204.51, 557.0
3205.29, 556.0
3206.08, 559.0
3206.86, 553.0
3207.64, 553.0
3208.42, 553.0
3209.2, 550.0
3209.98, 552.0
3210.76, 550.0
3211.54, 549.0
3212.31, 551.0
3213.09, 556.0
3213.86, 548.0
3214.64, 551.0
3215.41, 555.0
3216.18, 553.0
3216.95, 551.0
3217.72, 560.0
3218.49, 548.0
3219.25, 555.0
3220.02, 550.0
